image_width: 320
image_height: 240
camera_name: narrow_stereo
camera_matrix:
  rows: 3
  cols: 3
  data: [165.298256, 0.000000, 156.013821, 0.000000, 164.171963, 122.637303, 0.000000, 0.000000, 1.000000]
distortion_model: plumb_bob
distortion_coefficients:
  rows: 1
  cols: 5
  data: [-0.269227, 0.050607, 0.000987, -0.000348, 0.000000]
rectification_matrix:
  rows: 3
  cols: 3
  data: [1.000000, 0.000000, 0.000000, 0.000000, 1.000000, 0.000000, 0.000000, 0.000000, 1.000000]
projection_matrix:
  rows: 3
  cols: 4
  data: [111.627937, 0.000000, 157.455456, 0.000000, 0.000000, 134.036713, 124.738933, 0.000000, 0.000000, 0.000000, 1.000000, 0.000000]
